DYBJetsToLL_M-50_Zpt-100to200	1.96686e+07  1.96686e+07	4.042		1.
DYBJetsToLL_M-50_Zpt-200toInf	1.82621e+06  1.82621e+06	0.4286		1.
DYJetsToLL_M-10to50		9.77606e+07  9.92845e+07	15870		1.
DYJetsToLL_M-50_HT-100To200	2.61932e+07  2.61932e+07	140.4		1.
DYJetsToLL_M-50_HT-1200To2500	6.164e+06    5.96699e+06	0.1344		1.
DYJetsToLL_M-50_HT-200To400	1.84464e+07  1.82561e+07	38.67		1.
DYJetsToLL_M-50_HT-2500ToInf	1.97754e+06  1.57262e+06	0.003011	1.
DYJetsToLL_M-50_HT-400To600	8.72997e+06  8.9029e+06		5.221		1.
DYJetsToLL_M-50_HT-600To800	6.92373e+06  7.03174e+06	1.264		1.
DYJetsToLL_M-50_HT-70to100	1.67969e+07  1.64732e+07	141.1		1.
DYJetsToLL_M-50_HT-800To1200	6.6744e+06   6.6744e+06	        0.5669		1.
QCD_HT1000to1500		1.41317e+07  1.41317e+07	1127.0		1
QCD_HT1500to2000		1.0869e+07   1.0869e+07 	109.8		1
QCD_HT2000toInf		 	4.28022e+06  4.28022e+06	21.98		1
QCD_HT300to500			6.03967e+07  6.03967e+07	324500.0	1
QCD_HT500to700			4.76809e+07  4.76809e+07	30310.0		1
QCD_HT700to1000		 	4.67779e+07  4.67779e+07	6444.0		1
ST_s-channel		 	1.91718e+07  6.80776e+07	3.74		1
ST_t-channel_antitop		9.56132e+07  6.11409e+09 	80.00		1
ST_t-channel_top		1.77858e+08  1.89052e+10	134.2		1
ST_tW_antitop		 	1.10122e+07  3.57982e+08	21.32		1
ST_tW_top		 	1.05574e+07  3.42542e+08	21.32		1
TTTo2L2Nu		 	1.45457e+08  1.04891e+10	87.55		1
TTToHadronic		 	3.41507e+08  1.07202e+11	381.073		1
TTToSemiLeptonic		4.76684e+08  1.43437e+11	365.278		1
WBJetsToLNu_Wpt-100to200	7.9735e+06   7.9735e+06		7.322		1.
WBJetsToLNu_Wpt-200toInf	1.91079e+06  1.91079e+06	1.102		1.
WJetsToLNu_HT-100To200		5.1528e+07   5.1528e+07 	1250.0		1.
WJetsToLNu_HT-1200To2500	6.47914e+06  6.47914e+06	1.157		1.
WJetsToLNu_HT-200To400		5.83085e+07  5.83085e+07	338.0		1.
WJetsToLNu_HT-2500ToInf		2.09712e+06  2.09712e+06 	0.02642		1.
WJetsToLNu_HT-400To600		7.44046e+06  7.44046e+06	45.44		1.
WJetsToLNu_HT-600To800		7.71482e+06  7.71482e+06	10.89		1.
WJetsToLNu_HT-70To100		6.65575e+07  6.65575e+07	1271.0		1.
WJetsToLNu_HT-800To1200		7.30279e+06  7.30279e+06 	4.930		1.
WWTo1L1Nu2Q		 	4.026e+07    3.39269e+09	50.4		1
WWTo2L2Nu		 	9.99281e+06  1.10782e+08	11.09		1
WWTo4Q		 		3.93333e+07  3.35778e+09	50.71		1
WW_Inclusive			1.56739e+07  1.56739e+07 	118.7 		1
WZTo1L1Nu2Q		 	7.39271e+06  1.11595e+08	11.65		1
WZTo2Q2L		 	2.85676e+07  2.74063e+08	6.459		1
WZTo2Q2Nu		 	1.9572e+07   2.08872e+08	6.927		1
WZTo3LNu		 	9.81976e+06  8.31344e+07	5.208		1
WZ_Inclusive			7.60751e+06  7.60751e+06	27.55		1
ZZTo2L2Nu		 	5.64949e+07  5.50122e+07	0.9738		1
ZZTo2Q2L		 	2.93487e+07  1.61878e+08	3.725		1
ZZTo2Q2Nu		 	1.98082e+07  1.37584e+08	4.01		1
ZZTo4L		 		9.82972e+07  1.3023e+08		1.325		1
ZZTo4Q		 		2.53457e+06  1.44999e+07	7.69		1
ZZ_Inclusive			3.52478e+06  3.52478e+06	12.23		1
