DYBJetsToLL_M-50_Zpt-100to200	1.96686e+07  1.96686e+07	4.042		1.
DYBJetsToLL_M-50_Zpt-200toInf	1.82621e+06  1.82621e+06	0.4286		1.
DYJetsToLL_M-10to50		9.77606e+07  9.92845e+07	15870		1.
DYJetsToLL_M-50_HT-100To200	2.61932e+07  2.61932e+07	140.4		1.
DYJetsToLL_M-50_HT-1200To2500	6.164e+06    5.96699e+06	0.1344		1.
DYJetsToLL_M-50_HT-200To400	1.84464e+07  1.82561e+07	38.67		1.
DYJetsToLL_M-50_HT-2500ToInf	1.97754e+06  1.57262e+06	0.003011	1.
DYJetsToLL_M-50_HT-400To600	8.72997e+06  8.9029e+06		5.221		1.
DYJetsToLL_M-50_HT-600To800	6.92373e+06  7.03174e+06	1.264		1.
DYJetsToLL_M-50_HT-70to100	1.67969e+07  1.64732e+07	141.1		1.
DYJetsToLL_M-50_HT-800To1200	6.6744e+06   6.6744e+06	        0.5669		1.
QCD_HT1000to1500		1.45236e+07  1.45236e+07	1127.0		1
QCD_HT1500to2000		1.0869e+07   1.0869e+07	        109.8		1
QCD_HT2000toInf		 	5.37365e+06  5.37365e+06	21.98		1
QCD_HT300to500			6.13498e+07  6.13498e+07	324500.0	1
QCD_HT500to700			1.49659e+07  1.49659e+07	30310.0		1
QCD_HT700to1000		 	4.82726e+07  4.82726e+07	6444.0		1
ST_s-channel		 	1.93638e+07  6.87586e+07	3.74		1
ST_t-channel_antitop		9.58051e+07  6.12635e+09 	80.00		1
ST_t-channel_top		1.75971e+08  1.87046e+10	134.2		1
ST_tW_antitop		 	1.10122e+07  3.57982e+08	21.32		1
ST_tW_top		 	1.12666e+07  3.65552e+08	21.32		1
TTTo2L2Nu		 	1.45649e+08  1.05029e+10	87.55		1
TTToHadronic		 	3.39976e+08  1.06722e+11	381.073		1
TTToSemiLeptonic		4.62876e+08  1.39282e+11	365.278		1
WBJetsToLNu_Wpt-100to200	7.9735e+06   7.9735e+06		7.322		1.
WBJetsToLNu_Wpt-200toInf	1.91079e+06  1.91079e+06	1.102		1.
WJetsToLNu_HT-100To200		5.07763e+07  5.07763e+07	1250.0		1.
WJetsToLNu_HT-1200To2500	6.47914e+06  6.47914e+06	1.157		1.
WJetsToLNu_HT-200To400		5.67478e+07  5.67478e+07	338.0		1.
WJetsToLNu_HT-2500ToInf		1.79596e+06  1.79596e+06	0.02642		1.
WJetsToLNu_HT-400To600		7.34668e+06  7.34668e+06	45.44		1.
WJetsToLNu_HT-600To800		7.336e+06    7.336e+06	        10.89		1.
WJetsToLNu_HT-70To100		6.63679e+07  6.63679e+07	1271.0		1.
WJetsToLNu_HT-800To1200		7.30279e+06  7.30279e+06	4.930		1.
WWTo1L1Nu2Q		 	3.95051e+07  3.32911e+09	51.66		1
WWTo2L2Nu		 	9.99281e+06  1.10782e+08	12.15		1
WWTo4Q		 		3.94312e+07  3.36615e+09	54.89		1
WZTo1L1Nu2Q		 	7.39271e+06  1.11595e+08	11.65		1
WZTo2Q2L		 	2.85676e+07  2.74063e+08	6.459		1
WZTo2Q2Nu		 	1.9572e+07   2.08872e+08	6.927		1
WZTo3LNu		 	9.81976e+06  8.31344e+07	5.208		1
ZZTo2L2Nu		 	5.31703e+07  5.17749e+07	0.9738		1
ZZTo2Q2L		 	2.93487e+07  1.61878e+08	3.725		1
ZZTo2Q2Nu		 	1.98082e+07  1.37584e+08	4.01		1
ZZTo4L		 		8.28976e+07  1.09827e+08	1.325		1
ZZTo4Q		 		2.53457e+06  1.44999e+07	7.69		1
