DYBJetsToLL_M-50_Zpt-100to200	1.96686e+07  1.96686e+07	4.042		1.23
DYBJetsToLL_M-50_Zpt-200toInf	1.82621e+06  1.82621e+06	0.4286		1.23
DYJetsToLL_M-10to50		9.92845e+07  9.92845e+07	15870		1.23
DYJetsToLL_M-50_HT-100To200	2.61932e+07  2.61932e+07	140.4		1.23
DYJetsToLL_M-50_HT-1200To2500	6.164e+06  6.164e+06		0.1344		1.23
DYJetsToLL_M-50_HT-200To400	1.84464e+07  1.84464e+07	38.67		1.23
DYJetsToLL_M-50_HT-2500ToInf	1.97754e+06  1.97754e+06	0.003011	1.23
DYJetsToLL_M-50_HT-400To600	8.9029e+06  8.9029e+06		5.221		1.23
DYJetsToLL_M-50_HT-600To800	6.77931e+06  6.77931e+06	1.264		1.23
DYJetsToLL_M-50_HT-70to100	1.70002e+07  1.70002e+07	141.1		1.23
DYJetsToLL_M-50_HT-800To1200	6.6744e+06  6.6744e+06		0.5669		1.23
QCD_HT1000to1500		1.40513e+07  1.40513e+07	1127.0		1
QCD_HT1500to2000		1.06295e+07  1.06295e+07	109.8		1
QCD_HT2000toInf		 	5.37365e+06  5.37365e+06	21.98		1
QCD_HT300to500			5.62746e+07  5.62746e+07	324500.0	1
QCD_HT500to700			1.88481e+07  1.88481e+07	30310.0		1
QCD_HT700to1000		 	4.79367e+07  4.79367e+07	6444.0		1
ST_s-channel		 	1.93638e+07  6.87586e+07	3.74		1
ST_t-channel_antitop		9.58051e+07  6.12635e+09 	80.95		1
ST_t-channel_top		1.78705e+08  1.89952e+10	136.02		1
ST_tW_antitop		 	1.10122e+07  3.57982e+08	34.97		1
ST_tW_top		 	1.12666e+07  3.65552e+08	34.91		1
TTTo2L2Nu		 	1.45889e+08  1.05203e+10	87.32		1
TTToHadronic		 	2.30673e+08  7.24106e+10	380.095		1
TTToSemiLeptonic		2.34161e+08  7.04607e+10	364.35		1
WBJetsToLNu_Wpt-100to200	7.9735e+06  7.9735e+06		7.322		1.21
WBJetsToLNu_Wpt-200toInf	1.91079e+06  1.91079e+06	1.102		1.21
WJetsToLNu_HT-100To200		5.1528e+07  5.1528e+07		1250.0		1.21
WJetsToLNu_HT-1200To2500	6.47914e+06  6.47914e+06	1.157		1.21
WJetsToLNu_HT-200To400		5.83085e+07  5.83085e+07	338.0		1.21
WJetsToLNu_HT-2500ToInf		2.09712e+06  2.09712e+06	0.02642		1.21
WJetsToLNu_HT-400To600		7.44046e+06  7.44046e+06	45.44		1.21
WJetsToLNu_HT-600To800		7.71482e+06  7.71482e+06	10.89		1.21
WJetsToLNu_HT-70To100		6.65575e+07  6.65575e+07	1271.0		1.21
WJetsToLNu_HT-800To1200		7.30279e+06  7.30279e+06	4.930		1.21
WWTo1L1Nu2Q		 	1.89684e+07  1.69556e+09	50.4		1
WWTo2L2Nu		 	9.99281e+06  1.10782e+08	11.09		1
WWTo4Q		 		2.00419e+07  1.57052e+09	50.71		1
WZTo1L1Nu2Q		 	2.01731e+07  3.65423e+08	11.65		1
WZTo2Q2L		 	2.85676e+07  2.74063e+08	6.459		1
WZTo2Q2Nu		 	1.97657e+07  2.10939e+08	6.927		1
WZTo3LNu		 	9.81976e+06  8.31344e+07	5.208		1
ZZTo2L2Nu		 	5.68788e+07  5.53861e+07	0.9738		1
ZZTo2Q2L		 	2.86217e+07  1.57859e+08	3.725		1
ZZTo2Q2Nu		 	1.98082e+07  1.37584e+08	4.01		1
ZZTo4L		 		9.91821e+07  1.31402e+08	1.325		1
ZZTo4Q		 		9.59467e+06  1.14473e+08	7.69		1
NMSSM_MX_1500_MY_200		149933	     149933.		0.001	     	1
NMSSM_MX_1000_MY_100		54978	     54978.		0.001		1
NMSSM_MX_2000_MY_200		147449	     147449.		0.001		1
NMSSM_MX_2000_MY_125		122455	     122455.		0.001		1
NMSSM_MX_2400_MY_300		39984	     39984.		0.001		1
NMSSM_MX_3000_MY_100		62485	     62485.		0.001		1
NMSSM_MX_3000_MY_500		49990	     49990.		0.001		1
NMSSM_MX_2000_MY_200_v1         129961	     129961.            0.001	        1
NMSSM_MX_2000_MY_200_DL		142458	     142458.		0.001		1
NMSSM_MX_1500_MY_200_DL		159956	     159956.		0.001		1
NMSSM_MX_3000_MY_100_DL		174954	     174954		0.001		1
NMSSM_MX_3000_MY_500_DL         157456       157456             0.001           1
NMSSM_MX_1000_MY_100_FullSIM	149946	     149946.		0.001		1	
NMSSM_MX_1500_MY_200_FullSIM	149962	     149962.		0.001		1
NMSSM_MX_1500_MY_250_FullSIM	149959	     149959.		0.001		1
NMSSM_MX_2000_MY_125_FullSIM	149974	     149974.		0.001		1
NMSSM_MX_2000_MY_200_FullSIM	149960	     149960.		0.001		1
NMSSM_MX_2400_MY_300_FullSIM	149966	     149966.		0.001		1
NMSSM_MX_2600_MY_125_FullSIM	146973	     146973.		0.001		1
NMSSM_MX_3000_MY_100_FullSIM	146975	     146975.		0.001		1
NMSSM_MX_3000_MY_300_FullSIM	149975	     149975.		0.001		1
NMSSM_MX_3000_MY_500_FullSIM	146970	     146970.		0.001		1
